10
Mus_musculus           0.0000000 1.1389447 0.8701467 0.8465011 0.8458639 0.8128612 0.9173579 0.9565903 0.8680372 0.8680316 
Sarcophilus_harrisii   1.1389447 0.0000000 0.3520611 0.3724233 0.3480172 0.3584806 0.2414120 0.2382982 0.3579804 0.3536751 
Trichosurus_vulpecula  0.8701467 0.3520611 0.0000000 0.0334861 0.1255990 0.1477165 0.1153970 0.1798196 0.1286374 0.1309420 
Spilocuscus_maculatus  0.8465011 0.3724233 0.0334861 0.0000000 0.1588857 0.1526572 0.1821855 0.1281027 0.1327678 0.1354755 
Phascolarctos_cinereus 0.8458639 0.3480172 0.1255990 0.1588857 0.0000000 0.0830965 0.0804332 0.1764061 0.1601430 0.1672274 
Lasiorhinus_latifrons  0.8128612 0.3584806 0.1477165 0.1526572 0.0830965 0.0000000 0.0000010 0.1005965 0.1702680 0.1732931 
Vombatus_ursinus       0.9173579 0.2414120 0.1153970 0.1821855 0.0804332 0.0000010 0.0000000 0.1737696 0.1424021 0.1530362 
Dromiciops_gliroides   0.9565903 0.2382982 0.1798196 0.1281027 0.1764061 0.1005965 0.1737696 0.0000000 0.0789746 0.0903175 
Macropus_fuliginosus   0.8680372 0.3579804 0.1286374 0.1327678 0.1601430 0.1702680 0.1424021 0.0789746 0.0000000 0.0082095 
Wallabia_bicolor       0.8680316 0.3536751 0.1309420 0.1354755 0.1672274 0.1732931 0.1530362 0.0903175 0.0082095 0.0000000 
