10
Mus_musculus           0.0000000 0.5943075 0.5247898 0.5078944 0.5075192 0.4873090 0.4570738 0.4490639 0.5080508 0.5080508 
Sarcophilus_harrisii   0.5943075 0.0000000 0.1894378 0.1818591 0.1807874 0.1711173 0.1690019 0.1779406 0.1676700 0.1707955 
Dromiciops_gliroides   0.5247898 0.1894378 0.0000000 0.1567640 0.1555964 0.1502424 0.1494251 0.1436907 0.1394775 0.1377499 
Macropus_fuliginosus   0.5078944 0.1818591 0.1567640 0.0000000 0.0146340 0.1021943 0.0937552 0.1162368 0.1180922 0.1166458 
Wallabia_bicolor       0.5075192 0.1807874 0.1555964 0.0146340 0.0000000 0.1020803 0.0941190 0.1127028 0.1162663 0.1152567 
Spilocuscus_maculatus  0.4873090 0.1711173 0.1502424 0.1021943 0.1020803 0.0000000 0.0333564 0.1063282 0.0988695 0.0987580 
Trichosurus_vulpecula  0.4570738 0.1690019 0.1494251 0.0937552 0.0941190 0.0333564 0.0000000 0.1004042 0.0935235 0.0940241 
Phascolarctos_cinereus 0.4490639 0.1779406 0.1436907 0.1162368 0.1127028 0.1063282 0.1004042 0.0000000 0.0679629 0.0681785 
Lasiorhinus_latifrons  0.5080508 0.1676700 0.1394775 0.1180922 0.1162663 0.0988695 0.0935235 0.0679629 0.0000000 0.0147773 
Vombatus_ursinus       0.5080508 0.1707955 0.1377499 0.1166458 0.1152567 0.0987580 0.0940241 0.0681785 0.0147773 0.0000000 
