10
Sarcophilus_harrisii   0.0000000 0.6312474 0.6484114 0.5023689 0.5474108 0.4422126 0.4101868 0.4082764 0.5452808 0.4685294 
Phascolarctos_cinereus 0.6312474 0.0000000 0.7011446 0.3788249 0.4718913 0.4502807 0.4228158 0.4613535 0.4392131 0.4005860 
Mus_musculus           0.6484114 0.7011446 0.0000000 0.7307764 0.7251759 0.5571985 0.4116374 0.5714520 0.6182962 0.5723444 
Lasiorhinus_latifrons  0.5023689 0.3788249 0.7307764 0.0000000 0.1013559 0.3333608 0.3601359 0.4091601 0.4035486 0.3382798 
Vombatus_ursinus       0.5474108 0.4718913 0.7251759 0.1013559 0.0000000 0.3827329 0.3127013 0.3833911 0.4001798 0.3585687 
Dromiciops_gliroides   0.4422126 0.4502807 0.5571985 0.3333608 0.3827329 0.0000000 0.2529675 0.2573795 0.3574797 0.3197397 
Macropus_fuliginosus   0.4101868 0.4228158 0.4116374 0.3601359 0.3127013 0.2529675 0.0000000 0.1113809 0.2885149 0.2485678 
Wallabia_bicolor       0.4082764 0.4613535 0.5714520 0.4091601 0.3833911 0.2573795 0.1113809 0.0000000 0.3660011 0.3058406 
Spilocuscus_maculatus  0.5452808 0.4392131 0.6182962 0.4035486 0.4001798 0.3574797 0.2885149 0.3660011 0.0000000 0.2150716 
Trichosurus_vulpecula  0.4685294 0.4005860 0.5723444 0.3382798 0.3585687 0.3197397 0.2485678 0.3058406 0.2150716 0.0000000 
