10
Mus_musculus           0.0000000 0.3919698 0.3690365 0.2956504 0.2998049 0.3002957 0.2760103 0.2618363 0.3212711 0.3131001 
Dromiciops_gliroides   0.3919698 0.0000000 0.1032141 0.1069928 0.1067330 0.0983822 0.1136276 0.1145521 0.0894142 0.1076583 
Sarcophilus_harrisii   0.3690365 0.1032141 0.0000000 0.0976246 0.0948693 0.0931467 0.0924674 0.0881354 0.0857127 0.1103915 
Macropus_fuliginosus   0.2956504 0.1069928 0.0976246 0.0000000 0.0037190 0.0770339 0.0722350 0.0703962 0.0535542 0.0456119 
Wallabia_bicolor       0.2998049 0.1067330 0.0948693 0.0037190 0.0000000 0.0772405 0.0700637 0.0682141 0.0579374 0.0459409 
Phascolarctos_cinereus 0.3002957 0.0983822 0.0931467 0.0770339 0.0772405 0.0000000 0.0311940 0.0272912 0.0599964 0.0458178 
Lasiorhinus_latifrons  0.2760103 0.1136276 0.0924674 0.0722350 0.0700637 0.0311940 0.0000000 0.0055620 0.0537357 0.0492083 
Vombatus_ursinus       0.2618363 0.1145521 0.0881354 0.0703962 0.0682141 0.0272912 0.0055620 0.0000000 0.0563817 0.0458479 
Spilocuscus_maculatus  0.3212711 0.0894142 0.0857127 0.0535542 0.0579374 0.0599964 0.0537357 0.0563817 0.0000000 0.0184733 
Trichosurus_vulpecula  0.3131001 0.1076583 0.1103915 0.0456119 0.0459409 0.0458178 0.0492083 0.0458479 0.0184733 0.0000000 
